0.10952051359247428
0.03839106853458485
0.8165547042712864
0.3432127955803872
0.8791004401728069
0.5008528386809816
0.1828979193801552
0.8790465878651809
0.3447210484506289
0.34065673691664944
0.7582264332748753
0.7578317817803158
0.6014162271917641
0.35447165821609383
0.6562375698197626
0.8550731626089573
0.3417188251455108
0.9486714561917425
0.8630365892119126
0.8880727866557938
0.6165314573172771
0.6282474791460285
0.3534891560463822
0.37161187569628784
0.7210916019225361
0.7624380523399793
0.8439765149453962
0.817434656563008
0.7428189565732793
0.06785744391737814
0.06838629896387982
0.3786997908818821
0.9622201809784062
0.8582011810472054
0.11868976210155824
0.7768319373722278
0.4870792591972686
0.17024033313808984
0.9874151619225179
0.18248396713210935
0.14327210859674222
0.3372062383463261
0.9252031691640261
0.6661522757371299
0.6675992239062495
0.12372230498947312
0.10437297124928158
0.7089892308675015
0.5251366337253535
0.30197769981855727
0.8646797049681105
0.12006191072402483
0.5924760893406947
0.7239264356824147
0.17313434779341264
0.10737176179759478
0.22039497219455162
0.04175667936436056
0.6130473426439856
0.08166324530845925
0.34394129555567143
0.4176327990514227
0.6345152036259611
0.31630465444744016
0.9805075953339711
0.22060557535292336
0.2281308735237202
0.43663385958166234
0.3793794712039541
0.19039281295871047
0.08946772876219489
0.18292941448862454
0.5295718212876785
0.14329363470954892
0.1877387318635031
0.43126653676059035
0.6657978903775649
0.7133537931772082
0.08404922778497925
0.19937667072210086
0.3831352629996534
0.8861139221534728
0.07622827826948575
0.7235880153099801
0.5254385099588972
0.4364911123516949
0.25606859943310123
0.4604014293169407
0.7188742258735705
0.38531611909147434
0.14584563775210457
0.5858527008355213
0.6452929531616287
0.7908102256269691
0.3310414597175746
0.34798665660554673
0.9263727226953226
0.31187701969978865
0.7762372823864842
0.3619579383162629
